
% 1
n_cnt = 1;
A{1,n_cnt} = [
    0.0001332	0.0001315	0.0001318	0.0001298	0.0001306	0.0001309	0.0001314	0.0001322	0.0001325	0.0001325	0.0001331	0.0001325	0.0001326	0.0001317	0.0001324	0.0001314
    0.0001368	0.0001369	0.0001364	0.000135	0.0001362	0.0001363	0.000136	0.0001363	0.0001368	0.0001368	0.0001365	0.0001362	0.0001361	0.0001358	0.0001364	0.000136
    0.0001406	0.0001378	0.0001392	0.0001386	0.0001385	0.0001376	0.0001384	0.0001386	0.000139	0.0001402	0.0001394	0.0001387	0.0001391	0.0001382	0.000139	0.0001393
    0.0001448	0.0001419	0.0001437	0.0001421	0.0001422	0.0001422	0.0001425	0.0001435	0.0001436	0.0001438	0.0001444	0.0001435	0.0001446	0.0001435	0.0001445	0.0001446
    ];
n_cnt = n_cnt + 1;

% 2
A{1,n_cnt} = [
    0.0001318	0.0001296	0.0001298	0.0001298	0.0001296	0.0001295	0.0001305	0.0001303	0.0001311	0.0001306	0.0001314	0.0001313	0.000131	0.0001311	0.0001317	0.000131
    0.0001359	0.0001341	0.0001335	0.0001333	0.0001335	0.0001346	0.0001341	0.0001336	0.0001349	0.0001359	0.0001359	0.0001356	0.0001355	0.0001343	0.0001351	0.0001353
    0.0001386	0.0001382	0.0001371	0.0001356	0.0001365	0.0001357	0.0001362	0.0001369	0.000138	0.0001386	0.0001387	0.0001379	0.0001387	0.0001375	0.0001372	0.0001375
    0.0001441	0.0001432	0.0001416	0.0001418	0.0001406	0.0001413	0.0001411	0.0001424	0.0001425	0.000142	0.0001434	0.0001425	0.0001426	0.0001428	0.0001434	0.0001433
    ];
n_cnt = n_cnt + 1;

% 3
A{1,n_cnt} = [
    0.0001353	0.0001339	0.0001332	0.0001339	0.000133	0.0001332	0.0001329	0.0001344	0.0001343	0.0001351	0.000135	0.0001356	0.0001355	0.0001359	0.0001373	0.0001363
    0.0001274	0.0001367	0.0001384	0.0001377	0.0001376	0.0001376	0.0001386	0.000138	0.0001393	0.0001386	0.00014	0.0001399	0.0001406	0.0001391	0.0001394	0.0001397
    0.0001448	0.0001402	0.0001405	0.0001397	0.0001405	0.0001394	0.0001409	0.0001401	0.0001416	0.0001417	0.000143	0.0001432	0.0001433	0.0001432	0.0001431	0.0001422
    0.0001471	0.0001434	0.0001456	0.0001441	0.0001445	0.0001464	0.0001456	0.0001457	0.0001464	0.0001449	0.000146	0.0001485	0.0001483	0.0001461	0.0001466	0.0001476
    ];
n_cnt = n_cnt + 1;

% 4
A{1,n_cnt} = [
    0.0001296	0.0001283	0.0001281	0.0001269	0.0001276	0.0001269	0.0001281	0.0001281	0.0001284	0.0001284	0.0001288	0.0001284	0.0001287	0.0001287	0.0001291	0.0001296
    0.0001344	0.0001324	0.000132	0.0001321	0.0001313	0.0001318	0.0001316	0.0001316	0.0001324	0.0001322	0.0001327	0.0001325	0.0001328	0.0001324	0.0001323	0.0001331
    0.0001418	0.0001331	0.0001349	0.000134	0.0001341	0.0001332	0.0001334	0.0001332	0.0001345	0.0001349	0.0001349	0.0001342	0.0001357	0.0001358	0.0001362	0.000136
    0.0001403	0.0001401	0.0001421	0.0001387	0.0001394	0.0001382	0.0001392	0.000139	0.0001388	0.0001392	0.0001402	0.0001398	0.0001401	0.0001408	0.0001414	0.0001417
    ];
n_cnt = n_cnt + 1;


% 5
A{1,n_cnt} = [
    0.0001338	0.0001306	0.0001302	0.0001312	0.0001305	0.0001298	0.0001302	0.0001309	0.0001323	0.0001319	0.000132	0.0001314	0.0001324	0.0001321	0.0001336	0.0001323
    0.0001384	0.0001357	0.0001352	0.0001349	0.0001344	0.0001353	0.0001352	0.0001345	0.0001352	0.0001355	0.000135	0.000136	0.0001366	0.0001355	0.000137	0.0001363
    0.0001395	0.0001387	0.0001385	0.0001367	0.0001367	0.0001366	0.0001365	0.0001372	0.0001378	0.0001389	0.000139	0.000139	0.0001396	0.0001391	0.0001402	0.00014
    0.0001462	0.0001442	0.0001433	0.0001417	0.0001415	0.0001414	0.0001407	0.0001424	0.0001421	0.0001421	0.0001428	0.0001428	0.0001435	0.0001431	0.0001444	0.0001446
    ];
n_cnt = n_cnt + 1;

% 6
A{1,n_cnt} = [
    0.000132	0.0001299	0.0001295	0.0001297	0.0001297	0.0001303	0.0001309	0.0001307	0.0001324	0.0001327	0.0001334	0.0001337	0.0001347	0.0001345	0.0001347	0.0001345
    0.0001369	0.0001349	0.0001332	0.0001341	0.0001337	0.0001343	0.0001348	0.0001349	0.0001361	0.0001368	0.0001375	0.0001375	0.0001381	0.0001376	0.0001382	0.0001387
    0.000139	0.0001374	0.000139	0.0001365	0.000136	0.0001354	0.0001362	0.0001379	0.0001382	0.0001397	0.0001403	0.0001397	0.0001408	0.0001403	0.0001418	0.0001416
    0.0001454	0.0001442	0.0001441	0.0001431	0.0001412	0.0001433	0.0001425	0.0001423	0.0001447	0.0001442	0.0001443	0.0001445	0.0001468	0.0001454	0.0001466	0.0001473
    ];
n_cnt = n_cnt + 1;

% 7
A{1,n_cnt} = [
    0.0001322	0.0001299	0.0001296	0.0001289	0.0001295	0.000129	0.0001299	0.0001304	0.0001311	0.0001312	0.0001317	0.0001318	0.0001325	0.0001319	0.0001324	0.0001321
    0.0001355	0.0001349	0.0001333	0.0001339	0.0001332	0.0001342	0.0001344	0.0001341	0.0001348	0.0001354	0.0001357	0.0001356	0.0001361	0.0001363	0.0001368	0.0001368
    0.0001382	0.0001364	0.0001362	0.0001365	0.0001359	0.000136	0.000137	0.0001368	0.0001373	0.0001384	0.0001378	0.000138	0.0001388	0.0001389	0.0001392	0.0001392
    0.0001431	0.0001408	0.0001413	0.0001401	0.000141	0.0001401	0.000141	0.0001414	0.0001421	0.0001418	0.0001428	0.000143	0.000144	0.0001441	0.0001456	0.0001455
    ];
n_cnt = n_cnt + 1;

% 8
A{1,n_cnt} = [
    0.0001128	0.0001334	0.0001084	0.0001082	0.0001082	0.0001078	0.0001057	0.0001078	0.0001058	0.0001065	0.0001098	0.0001092	0.0001101	0.000109	0.0001091	0.0001084
    0.0001187	0.0001386	0.0001096	0.0001138	0.0001137	0.0001114	0.0001115	0.0001124	0.0001118	0.0001125	0.0001119	0.0001122	0.0001131	0.0001108	0.0001139	0.0001141
    0.0001203	0.0001419	0.0001178	0.0001158	0.0001137	0.0001148	0.0001141	0.0001135	0.0001174	0.0001174	0.0001141	0.0001145	0.0001168	0.0001145	0.0001184	0.0001166
    0.000127	0.0001471	0.0001219	0.0001204	0.0001185	0.0001202	0.0001174	0.0001192	0.0001195	0.0001195	0.0001228	0.0001208	0.000121	0.0001224	0.0001229	0.0001235
    ];
n_cnt = n_cnt + 1;


% 9
A{1,n_cnt} = [
    0.000133	0.0001302	0.0001306	0.0001294	0.0001306	0.0001302	0.0001306	0.0001307	0.0001314	0.0001315	0.0001318	0.0001311	0.000132	0.000131	0.0001316	0.0001318
    0.0001365	0.0001358	0.0001354	0.0001335	0.0001336	0.0001344	0.0001348	0.0001343	0.0001358	0.0001359	0.0001357	0.0001358	0.000136	0.000135	0.0001361	0.000136
    0.0001392	0.0001372	0.0001367	0.0001374	0.0001379	0.0001374	0.0001374	0.0001381	0.0001385	0.0001389	0.0001389	0.0001385	0.0001387	0.0001379	0.0001389	0.0001388
    0.0001425	0.0001428	0.0001419	0.000142	0.0001415	0.0001422	0.0001422	0.0001421	0.0001426	0.0001434	0.0001438	0.0001424	0.0001435	0.0001451	0.000146	0.0001452
    ];
n_cnt = n_cnt + 1;

Y_true = A;

save 80cycle_Y_true Y_true