
% 1
n_cnt = 1;
A{1,n_cnt} = [
    0.0001363	0.0001351	0.000136	0.0001314	0.0001333	0.0001357	0.0001361	0.0001372	0.000134	0.0001332	0.0001346	0.0001346	0.0001351	0.0001345	0.0001342	0.0001328
    0.0001389	0.0001407	0.0001383	0.0001373	0.0001384	0.0001383	0.00014	0.0001378	0.0001372	0.0001375	0.0001388	0.000138	0.0001382	0.0001384	0.0001382	0.0001379
    0.0001406	0.00014	0.00014	0.0001404	0.0001394	0.0001397	0.0001406	0.0001412	0.0001417	0.0001418	0.000141	0.0001412	0.0001415	0.0001409	0.0001408	0.0001397
    0.0001436	0.0001438	0.0001452	0.0001428	0.0001435	0.000145	0.0001448	0.000146	0.0001455	0.0001447	0.0001451	0.0001453	0.0001472	0.0001469	0.0001472	0.0001461
    ];
n_cnt = n_cnt + 1;

% 2
A{1,n_cnt} = [
    0.0001361	0.0001338	0.0001307	0.000133	0.0001341	0.0001352	0.0001359	0.0001354	0.0001346	0.0001343	0.0001344	0.0001344	0.0001352	0.000136	0.0001347	0.0001332
    0.0001385	0.0001375	0.0001365	0.0001372	0.000136	0.0001388	0.0001377	0.0001388	0.0001389	0.0001397	0.0001378	0.0001382	0.0001378	0.000137	0.0001379	0.0001371
    0.0001407	0.000139	0.0001398	0.0001399	0.0001391	0.0001398	0.000141	0.0001409	0.0001422	0.0001424	0.0001408	0.0001417	0.0001422	0.0001402	0.0001411	0.0001408
    0.0001443	0.0001462	0.000143	0.0001455	0.0001442	0.0001457	0.0001475	0.0001488	0.0001487	0.0001479	0.0001468	0.0001445	0.0001472	0.0001473	0.0001482	0.0001464
    ];
n_cnt = n_cnt + 1;

% 3
A{1,n_cnt} = [
    0.0001375	0.0001362	0.0001353	0.0001358	0.0001351	0.0001359	0.0001356	0.0001366	0.0001379	0.0001374	0.0001362	0.0001369	0.0001387	0.0001393	0.0001391	0.0001385
    0.000136	0.0001388	0.000139	0.0001412	0.0001405	0.0001402	0.0001395	0.0001421	0.0001408	0.0001405	0.0001425	0.0001433	0.000144	0.0001436	0.0001434	0.000143
    0.0001438	0.000145	0.0001416	0.0001425	0.0001409	0.0001416	0.0001451	0.0001435	0.0001433	0.0001453	0.000145	0.0001483	0.0001487	0.000149	0.0001482	0.0001467
    0.0001507	0.0001499	0.000148	0.0001441	0.0001467	0.000149	0.0001508	0.0001506	0.0001492	0.0001484	0.0001505	0.0001499	0.000152	0.0001531	0.0001519	0.0001517
    ];
n_cnt = n_cnt + 1;

% 4
A{1,n_cnt} = [
    0.000132	0.0001302	0.0001317	0.0001304	0.0001297	0.0001293	0.000131	0.0001301	0.0001309	0.0001309	0.0001321	0.0001299	0.000131	0.0001316	0.0001317	0.0001314
    0.000137	0.0001372	0.0001368	0.000135	0.0001334	0.0001341	0.0001359	0.0001338	0.0001346	0.0001349	0.0001335	0.0001345	0.000136	0.0001362	0.0001366	0.0001355
    0.0001412	0.0001388	0.0001345	0.000135	0.0001364	0.0001359	0.0001371	0.0001359	0.0001371	0.0001357	0.0001363	0.0001357	0.0001376	0.0001387	0.0001397	0.0001392
    0.0001422	0.0001415	0.000141	0.0001414	0.0001396	0.0001418	0.0001418	0.0001424	0.0001419	0.0001414	0.0001427	0.000142	0.0001425	0.0001432	0.0001449	0.0001446
    ];
n_cnt = n_cnt + 1;


% 5
A{1,n_cnt} = [
    0.000135	0.0001292	0.0001314	0.000131	0.0001312	0.0001069	0.0001309	0.0001311	0.0001319	0.0001306	0.0001321	0.0001323	0.0001329	0.0001342	0.0001348	0.0001338
    0.0001363	0.0001387	0.000136	0.0001359	0.0001361	0.000111	0.0001374	0.0001355	0.0001358	0.0001368	0.0001361	0.0001362	0.0001365	0.0001368	0.000139	0.0001385
    0.0001379	0.0001382	0.0001389	0.0001399	0.0001354	0.000114	0.0001379	0.0001373	0.0001394	0.0001394	0.000139	0.0001398	0.0001415	0.0001402	0.000142	0.0001411
    0.0001445	0.0001431	0.0001438	0.0001424	0.0001418	0.0001226	0.0001432	0.0001438	0.0001435	0.0001425	0.0001432	0.0001423	0.000146	0.0001457	0.0001472	0.0001463
    
    ];
n_cnt = n_cnt + 1;

% 6
A{1,n_cnt} = [
    0.0001319	0.0001277	0.0001268	0.0001275	0.0001264	0.0001282	0.0001291	0.0001303	0.0001314	0.0001309	0.0001313	0.0001326	0.0001326	0.0001333	0.0001346	0.0001353
    0.0001367	0.000135	0.0001313	0.0001303	0.0001319	0.0001344	0.0001338	0.000135	0.0001353	0.0001362	0.0001366	0.0001356	0.0001361	0.0001353	0.0001362	0.0001383
    0.0001416	0.0001399	0.0001351	0.0001369	0.0001367	0.0001355	0.0001359	0.0001389	0.0001397	0.0001384	0.00014	0.0001403	0.000141	0.0001401	0.0001407	0.0001415
    0.0001459	0.0001438	0.0001418	0.000141	0.0001455	0.0001437	0.0001426	0.0001444	0.0001432	0.0001442	0.0001443	0.0001456	0.0001464	0.0001465	0.0001483	0.0001477
    
    ];
n_cnt = n_cnt + 1;

% 7
A{1,n_cnt} = [
    0.0001381	0.0001353	0.0001344	0.0001352	0.0001357	0.0001365	0.0001367	0.0001367	0.0001363	0.0001378	0.0001369	0.0001365	0.0001381	0.0001376	0.000139	0.0001384
    0.0001431	0.0001406	0.0001377	0.0001385	0.0001394	0.0001415	0.000143	0.0001416	0.0001425	0.0001424	0.0001419	0.0001423	0.0001426	0.000143	0.0001444	0.0001438
    0.0001443	0.0001406	0.0001415	0.0001411	0.0001426	0.0001444	0.0001445	0.0001439	0.0001448	0.0001445	0.0001439	0.0001442	0.0001439	0.0001456	0.0001461	0.0001456
    0.000146	0.0001472	0.0001442	0.0001452	0.0001458	0.0001477	0.0001475	0.0001471	0.0001472	0.0001476	0.0001494	0.0001495	0.0001504	0.0001511	0.0001521	0.0001522
    
    ];
n_cnt = n_cnt + 1;

% 8
A{1,n_cnt} = [
]';
n_cnt = n_cnt + 1;


% 9
A{1,n_cnt} = [
    0.0001391	0.0001365	0.0001343	0.0001343	0.0001354	0.0001356	0.0001367	0.0001381	0.0001368	0.0001361	0.0001385	0.0001382	0.0001386	0.0001388	0.000139	0.0001379
    0.0001422	0.0001417	0.00014	0.0001385	0.000138	0.0001405	0.000141	0.0001412	0.0001421	0.000142	0.0001422	0.0001415	0.0001406	0.0001417	0.0001423	0.0001433
    0.0001443	0.000143	0.0001424	0.000143	0.0001434	0.0001437	0.000145	0.0001458	0.000148	0.0001485	0.0001465	0.0001455	0.0001462	0.0001448	0.0001439	0.0001448
    0.0001527	0.0001487	0.0001488	0.0001481	0.0001481	0.0001502	0.0001497	0.000151	0.0001516	0.0001537	0.000153	0.0001523	0.0001508	0.00015	0.0001516	0.0001512
    ];
n_cnt = n_cnt + 1;

Y_true = A;

save 260cycle_Y_true Y_true